[config]
vac = VEN00013
topx = 126.92939635877349
topy = 37.5782093096816
botx = 127.09886411133067
boty = 37.496988417510934
search_time = 0.2
onlyleft = True

